image: cartomap3.pgm
resolution: 0.020000
origin: [-3.340980, -3.933077, 0.000000]
negate: 0
occupied_thresh: 0.65
free_thresh: 0.196

