image: map_small.pgm
resolution: 0.020000
origin: [-3.125529, -3.805249, 0.000000]
negate: 0
occupied_thresh: 0.65
free_thresh: 0.196

